const winCombinations = [
    // Horizontal Left to Right
    [0, 1, 2, 3],
    [1, 2, 3, 4],
    [2, 3, 4, 5],
    [3, 4, 5, 6],
    [7, 8, 9, 10],
    [8, 9, 10, 11],
    [9, 10, 11, 12],
    [10, 11, 12, 13],
    [14, 15, 16, 17],
    [15, 16, 17, 18],
    [16, 17, 18, 19],
    [17, 18, 19, 20],
    [21, 22, 23, 24],
    [22, 23, 24, 25],
    [23, 24, 25, 26],
    [24, 25, 26, 27],
    [28, 29, 30, 31],
    [29, 30, 31, 32],
    [30, 31, 32, 33],
    [31, 32, 33, 34],
    [35, 36, 37, 38],
    [36, 37, 38, 39],
    [37, 38, 39, 40],
    [38, 39, 40, 41],
    
    // Horizontal Right to Left
    [3, 2, 1, 0],
    [4, 3, 2, 1],
    [5, 4, 3, 2],
    [6, 5, 4, 3],
    [10, 9, 8, 7],
    [11, 10, 9, 8],
    [12, 11, 10, 9],
    [13, 12, 11, 10],
    [17, 16, 15, 14],
    [18, 17, 16, 15],
    [19, 18, 17, 16],
    [20, 19, 18, 17],
    [24, 23, 22, 21],
    [25, 24, 23, 22],
    [26, 25, 24, 23],
    [27, 26, 25, 24],
    [31, 30, 29, 28],
    [32, 31, 30, 29],
    [33, 32, 31, 30],
    [34, 33, 32, 31],
    [38, 37, 36, 35],
    [39, 38, 37, 36],
    [40, 39, 38, 37],
    [41, 40, 39, 38],
    
    // Vertical Top to Down
    [0, 7, 14, 21],
    [7, 14, 21, 28],
    [14, 21, 28, 35],
    [1, 8, 15, 22],
    [8, 15, 22, 29],
    [15, 22, 29, 36],
    [2, 9, 16, 23],
    [9, 16, 23, 30],
    [16, 23, 30, 37],
    [3, 10, 17, 24],
    [10, 17, 24, 31],
    [17, 24, 31, 38],
    [4, 11, 18, 25],
    [11, 18, 25, 32],
    [18, 25, 32, 39],
    [5, 12, 19, 26],
    [12, 19, 26, 33],
    [19, 26, 33, 40],
    [6, 13, 20, 27],
    [13, 20, 27, 34],
    [20, 27, 34, 41],
    
    // Vertical Down to Top
    [21, 14, 7, 0],
    [28, 21, 14, 7],
    [35, 28, 21, 14],
    [22, 15, 8, 1],
    [29, 22, 15, 8],
    [36, 29, 22, 15],
    [23, 16, 9, 2],
    [30, 23, 16, 9],
    [37, 30, 23, 16],
    [24, 17, 10, 3],
    [31, 24, 17, 10],
    [38, 31, 24, 17],
    [25, 18, 11, 4],
    [32, 25, 18, 11],
    [39, 32, 25, 18],
    [26, 19, 12, 5],
    [33, 26, 19, 12],
    [40, 33, 26, 19],
    [27, 20, 13, 6],
    [34, 27, 20, 13],
    [41, 34, 27, 20],
    
    // Diagonal Top Left to Bottom Right
    [0, 8, 16, 24],
    [1, 9, 17, 25],
    [2, 10, 18, 26],
    [3, 11, 19, 27],
    [7, 15, 23, 31],
    [8, 16, 24, 32],
    [9, 17, 25, 33],
    [10, 18, 26, 34],
    [14, 22, 30, 38],
    [15, 23, 31, 39],
    [16, 24, 32, 40],
    [17, 25, 33, 41],
    
    // Diagonal Top Right to Bottom Left
    [3, 9, 15, 21],
    [4, 10, 16, 22],
    [5, 11, 17, 23],
    [6, 12, 18, 24],
    [10, 16, 22, 28],
    [11, 17, 23, 29],
    [12, 18, 24, 30],
    [13, 19, 25, 31],
    [17, 23, 29, 35],
    [18, 24, 30, 36],
    [19, 25, 31, 37],
    [20, 26, 32, 38]
];

export { winCombinations }